(0, 0, 0, 0, 0, 0, 0, 0, 0, 0, 0, 0, 0, 0)
2009
--
(0, 0, 0, 0, 0, 0, 0, 0, 0, 0, 0, 0, 0, 1)
1939
--
(0, 0, 0, 0, 0, 0, 0, 0, 0, 0, 0, 0, 1, 0)
1923
--
(0, 0, 0, 0, 0, 0, 0, 0, 0, 0, 0, 0, 1, 1)
1847
--
(0, 0, 0, 0, 0, 0, 0, 0, 0, 0, 0, 1, 0, 0)
1830
--
(0, 0, 0, 0, 0, 0, 0, 0, 0, 0, 0, 1, 0, 1)
1776
--
(0, 0, 0, 0, 0, 0, 0, 0, 0, 0, 0, 1, 1, 1)
1771
--
(0, 0, 0, 0, 0, 0, 0, 0, 0, 0, 1, 1, 0, 1)
1760
--
(0, 0, 0, 0, 0, 0, 0, 0, 1, 0, 0, 1, 0, 1)
1757
--
(0, 0, 0, 0, 0, 0, 0, 0, 1, 0, 1, 1, 0, 0)
1747
--
(0, 0, 0, 0, 0, 0, 1, 0, 1, 0, 0, 1, 0, 0)
1745
--
(0, 0, 0, 0, 0, 1, 0, 0, 0, 0, 1, 0, 0, 1)
1736
--
(0, 0, 0, 0, 0, 1, 0, 0, 0, 0, 1, 0, 1, 0)
1732
--
(0, 1, 1, 0, 1, 0, 1, 0, 1, 0, 0, 1, 0, 0)
2921
--
(0, 1, 1, 0, 1, 0, 1, 0, 1, 0, 1, 0, 0, 0)
2569
--
(0, 1, 1, 0, 1, 1, 0, 0, 0, 0, 0, 0, 0, 0)
2213
--
(0, 1, 1, 1, 0, 0, 0, 0, 0, 0, 0, 0, 0, 0)
1900
--
(0, 1, 1, 1, 0, 1, 0, 1, 0, 0, 1, 1, 1, 0)
4621
--
(0, 1, 1, 1, 0, 1, 0, 1, 0, 1, 0, 0, 0, 0)
3969
--
(0, 1, 1, 1, 0, 1, 0, 1, 1, 0, 0, 0, 0, 0)
3598
--
(0, 1, 1, 1, 0, 1, 1, 0, 0, 0, 0, 0, 0, 0)
2942
--
(0, 1, 1, 1, 1, 0, 0, 0, 0, 0, 0, 0, 0, 0)
2243
--
(0, 1, 1, 1, 1, 1, 1, 1, 1, 1, 1, 0, 0, 0)
5301
--
(1, 0, 0, 0, 0, 0, 0, 0, 0, 0, 0, 0, 0, 0)
1960
--
(1, 0, 0, 0, 0, 0, 0, 0, 0, 0, 0, 0, 0, 1)
1866
--
(1, 0, 0, 0, 0, 0, 0, 0, 0, 0, 0, 0, 1, 0)
1851
--
(1, 0, 0, 0, 0, 0, 0, 0, 0, 0, 0, 0, 1, 1)
1760
--
(1, 0, 0, 0, 0, 0, 0, 0, 0, 0, 1, 0, 0, 1)
1754
--
(1, 0, 0, 0, 0, 0, 0, 0, 1, 0, 1, 0, 0, 0)
1745
--
(1, 0, 0, 0, 1, 0, 1, 0, 1, 0, 0, 0, 0, 0)
1744
--
(1, 0, 0, 0, 1, 0, 1, 0, 1, 0, 0, 0, 1, 0)
1908
--
(1, 0, 0, 0, 1, 0, 1, 0, 1, 0, 1, 0, 0, 0)
1877
--
(1, 0, 0, 0, 1, 1, 0, 0, 0, 0, 0, 0, 0, 0)
1789
--
(1, 0, 0, 1, 0, 0, 0, 0, 0, 0, 0, 0, 0, 1)
1783
--
(1, 0, 0, 1, 0, 0, 0, 0, 0, 0, 1, 0, 0, 0)
1781
--
(1, 0, 0, 1, 0, 0, 0, 0, 1, 0, 0, 0, 0, 0)
1779
--
(1, 0, 0, 1, 0, 1, 0, 1, 0, 0, 1, 1, 0, 0)
3621
--
(1, 0, 0, 1, 0, 1, 0, 1, 0, 1, 0, 0, 0, 0)
3292
--
(1, 0, 0, 1, 0, 1, 0, 1, 1, 0, 0, 0, 0, 0)
2911
--
(1, 0, 0, 1, 0, 1, 1, 0, 0, 0, 0, 0, 0, 0)
2229
--
(1, 0, 0, 1, 1, 0, 0, 0, 0, 0, 0, 0, 0, 0)
1783
--
(1, 0, 0, 1, 1, 1, 1, 1, 1, 1, 0, 1, 1, 0)
5302
--
(1, 0, 0, 1, 1, 1, 1, 1, 1, 1, 1, 0, 0, 0)
4612
--
(1, 0, 1, 0, 0, 0, 0, 0, 0, 0, 0, 0, 0, 0)
1853
--
(1, 0, 1, 0, 0, 0, 0, 0, 0, 0, 0, 0, 0, 1)
1764
--
(1, 0, 1, 0, 0, 0, 0, 0, 1, 0, 0, 0, 0, 1)
1751
--
(1, 0, 1, 0, 0, 0, 0, 0, 1, 0, 0, 0, 1, 0)
1746
--
(1, 0, 1, 0, 1, 0, 0, 0, 1, 0, 0, 0, 0, 0)
1745
--
(1, 0, 1, 0, 1, 0, 1, 0, 1, 0, 0, 0, 0, 0)
1894
--
(1, 0, 1, 0, 1, 1, 0, 0, 0, 0, 0, 0, 0, 0)
1877
--
(1, 0, 1, 1, 0, 0, 0, 0, 0, 0, 0, 0, 0, 0)
1784
--
(1, 0, 1, 1, 0, 1, 0, 1, 0, 0, 1, 0, 1, 0)
3588
--
(1, 0, 1, 1, 0, 1, 0, 1, 1, 0, 0, 0, 0, 0)
3263
--
(1, 0, 1, 1, 0, 1, 1, 0, 0, 0, 0, 0, 0, 0)
2577
--
(1, 0, 1, 1, 1, 0, 0, 0, 0, 0, 0, 0, 0, 0)
1900
--
(1, 0, 1, 1, 1, 1, 1, 1, 1, 1, 0, 1, 0, 0)
5283
--
(1, 0, 1, 1, 1, 1, 1, 1, 1, 1, 1, 0, 0, 0)
4960
--
(1, 1, 0, 0, 0, 0, 0, 0, 0, 0, 0, 0, 0, 0)
1807
--
(1, 1, 0, 0, 0, 0, 0, 0, 0, 0, 0, 0, 0, 1)
1788
--
(1, 1, 0, 0, 0, 0, 0, 0, 0, 0, 0, 0, 1, 0)
1769
--
(1, 1, 0, 0, 0, 0, 1, 0, 0, 0, 0, 0, 0, 0)
1764
--
(1, 1, 0, 0, 1, 0, 1, 0, 0, 1, 1, 1, 1, 0)
3928
--
(1, 1, 0, 0, 1, 0, 1, 0, 1, 0, 0, 0, 0, 0)
2216
--
(1, 1, 0, 1, 0, 0, 0, 0, 0, 0, 0, 0, 0, 0)
1909
--
(0, 0, 0, 0, 1, 0, 1, 0, 1, 0, 1, 0, 1, 0)
1889
--
(0, 0, 0, 0, 1, 0, 1, 0, 1, 1, 0, 0, 0, 0)
1877
--
(0, 0, 0, 0, 1, 0, 1, 1, 0, 0, 0, 0, 0, 0)
1758
--
(0, 0, 0, 0, 1, 1, 0, 0, 0, 0, 0, 0, 0, 1)
1754
--
(0, 0, 0, 0, 1, 1, 0, 0, 0, 0, 0, 0, 1, 0)
1741
--
(0, 0, 0, 1, 0, 0, 0, 0, 1, 0, 1, 0, 0, 0)
1707
--
(1, 1, 0, 1, 0, 1, 0, 1, 0, 0, 1, 0, 0, 0)
3618
--
(1, 1, 0, 1, 0, 1, 0, 1, 1, 0, 0, 0, 0, 0)
3614
--
(1, 1, 0, 1, 0, 1, 1, 0, 0, 0, 0, 0, 0, 0)
2920
--
(1, 1, 0, 1, 1, 0, 0, 0, 0, 0, 0, 0, 0, 0)
2245
--
(1, 1, 0, 1, 1, 1, 1, 1, 1, 1, 0, 0, 1, 0)
5293
--
(1, 1, 1, 0, 0, 0, 0, 0, 0, 0, 0, 0, 0, 0)
1762
--
(1, 1, 1, 0, 1, 0, 1, 0, 0, 1, 1, 1, 0, 0)
3947
--
(1, 1, 1, 0, 1, 0, 1, 0, 1, 0, 0, 0, 0, 0)
2561
--
(1, 1, 1, 1, 0, 0, 0, 0, 0, 0, 0, 0, 0, 0)
2241
--
(1, 1, 1, 1, 0, 1, 0, 1, 0, 0, 0, 1, 1, 0)
4624
--
(1, 1, 1, 1, 0, 1, 0, 1, 0, 0, 1, 0, 0, 0)
3950
--
(1, 1, 1, 1, 0, 1, 1, 0, 0, 0, 0, 0, 0, 0)
3268
--
(1, 1, 1, 1, 1, 0, 0, 0, 0, 0, 0, 0, 0, 0)
2584
--
(0, 0, 0, 1, 0, 1, 0, 1, 0, 1, 0, 1, 0, 0)
3639
--
(0, 0, 0, 1, 0, 1, 0, 1, 0, 1, 1, 0, 0, 0)
3273
--
(0, 0, 0, 1, 0, 1, 0, 1, 1, 0, 0, 0, 0, 0)
2585
--
(0, 0, 0, 1, 0, 1, 1, 0, 0, 0, 0, 0, 0, 0)
1920
--
(0, 0, 0, 1, 1, 0, 0, 0, 0, 0, 0, 0, 0, 0)
1763
--
(0, 0, 0, 1, 1, 0, 0, 0, 1, 0, 0, 0, 0, 0)
1740
--
(0, 0, 0, 1, 1, 1, 1, 1, 1, 1, 1, 1, 1, 0)
5304
--
(0, 0, 1, 0, 0, 0, 0, 0, 0, 0, 0, 0, 0, 0)
1932
--
(0, 0, 1, 0, 0, 0, 0, 0, 0, 0, 0, 0, 0, 1)
1835
--
(0, 0, 1, 0, 0, 0, 0, 0, 0, 0, 0, 0, 1, 1)
1747
--
(0, 0, 1, 0, 0, 0, 0, 0, 0, 0, 1, 0, 1, 1)
1746
--
(0, 0, 1, 0, 0, 0, 1, 0, 0, 0, 0, 0, 1, 1)
1735
--
(0, 0, 1, 0, 1, 0, 0, 0, 1, 0, 1, 0, 0, 0)
1731
--
(0, 0, 1, 0, 1, 0, 1, 0, 1, 0, 1, 0, 0, 0)
1892
--
(0, 0, 1, 0, 1, 1, 0, 0, 0, 0, 0, 0, 0, 0)
1787
--
(0, 0, 1, 1, 0, 0, 0, 0, 0, 0, 0, 0, 0, 0)
1780
--
(0, 0, 1, 1, 0, 0, 0, 0, 0, 0, 0, 0, 1, 0)
1772
--
(0, 0, 1, 1, 0, 1, 0, 1, 0, 1, 0, 0, 1, 0)
3600
--
(0, 0, 1, 1, 0, 1, 0, 1, 1, 0, 0, 0, 0, 0)
2942
--
(0, 0, 1, 1, 0, 1, 1, 0, 0, 0, 0, 0, 0, 0)
2225
--
(0, 0, 1, 1, 1, 0, 0, 0, 0, 0, 0, 0, 0, 0)
1774
--
(0, 0, 1, 1, 1, 1, 1, 1, 1, 1, 1, 1, 0, 0)
5299
--
(0, 1, 0, 0, 0, 0, 0, 0, 0, 0, 0, 0, 0, 0)
1857
--
(0, 1, 0, 0, 0, 0, 0, 0, 0, 0, 0, 0, 0, 1)
1759
--
(0, 1, 0, 0, 1, 0, 0, 0, 1, 0, 0, 0, 0, 0)
1749
--
(0, 1, 0, 0, 1, 0, 1, 0, 1, 0, 0, 1, 1, 0)
2917
--
(0, 1, 0, 0, 1, 0, 1, 0, 1, 0, 1, 0, 0, 0)
2236
--
(0, 1, 0, 0, 1, 1, 0, 0, 0, 0, 0, 0, 0, 0)
1894
--
(0, 1, 0, 1, 0, 0, 0, 0, 0, 0, 0, 0, 0, 0)
1790
--
(0, 1, 0, 1, 0, 1, 0, 1, 0, 1, 0, 0, 0, 0)
3644
--
(0, 1, 0, 1, 0, 1, 0, 1, 1, 0, 0, 0, 0, 0)
3274
--
(0, 1, 0, 1, 0, 1, 1, 0, 0, 0, 0, 0, 0, 0)
2590
--
(0, 1, 0, 1, 1, 0, 0, 0, 0, 0, 0, 0, 0, 0)
1917
--
(0, 1, 0, 1, 1, 1, 1, 1, 1, 1, 1, 0, 1, 0)
5291
--
(0, 1, 1, 0, 0, 0, 0, 0, 0, 0, 0, 0, 0, 0)
1763
--
(0, 1, 1, 0, 0, 0, 0, 0, 1, 0, 0, 0, 0, 0)
1755
--
(0, 1, 1, 0, 0, 0, 1, 0, 0, 0, 0, 0, 0, 0)
1754
