(0, 0, 0, 0, 0, 0, 0, 0, 0, 0, 0, 0, 0)
2076
--
(0, 0, 0, 0, 0, 0, 0, 0, 0, 0, 0, 0, 1)
2044
--
(0, 0, 0, 0, 0, 0, 0, 0, 0, 0, 0, 1, 0)
1997
--
(0, 0, 0, 0, 0, 0, 0, 0, 0, 0, 0, 1, 1)
1964
--
(0, 0, 0, 0, 0, 0, 1, 1, 0, 0, 0, 0, 0)
1963
--
(0, 0, 0, 0, 1, 0, 1, 0, 0, 0, 0, 0, 1)
1961
--
(0, 1, 1, 0, 1, 0, 1, 0, 1, 0, 0, 1, 0)
2917
--
(0, 1, 1, 0, 1, 0, 1, 0, 1, 0, 1, 0, 0)
2569
--
(0, 1, 1, 0, 1, 1, 0, 0, 0, 0, 0, 0, 0)
2251
--
(0, 1, 1, 1, 0, 0, 0, 0, 0, 0, 0, 0, 0)
2020
--
(0, 1, 1, 1, 0, 1, 0, 1, 0, 0, 1, 1, 1)
4633
--
(0, 1, 1, 1, 0, 1, 0, 1, 0, 1, 0, 0, 0)
3953
--
(0, 1, 1, 1, 0, 1, 0, 1, 1, 0, 0, 0, 0)
3628
--
(0, 1, 1, 1, 0, 1, 1, 0, 0, 0, 0, 0, 0)
2946
--
(0, 1, 1, 1, 1, 0, 0, 0, 0, 0, 0, 0, 0)
2242
--
(0, 1, 1, 1, 1, 1, 1, 1, 1, 1, 1, 0, 0)
5292
--
(1, 0, 0, 0, 0, 0, 0, 0, 0, 0, 0, 0, 0)
2013
--
(1, 0, 0, 0, 0, 0, 0, 0, 0, 0, 0, 0, 1)
1980
--
(1, 0, 0, 0, 0, 0, 0, 0, 0, 0, 1, 0, 0)
1951
--
(1, 0, 0, 0, 1, 0, 1, 0, 1, 0, 0, 0, 1)
2032
--
(1, 0, 0, 0, 1, 0, 1, 0, 1, 0, 1, 0, 0)
2026
--
(1, 0, 0, 0, 1, 0, 1, 1, 0, 0, 0, 0, 0)
1996
--
(1, 0, 0, 1, 0, 0, 0, 0, 0, 0, 0, 0, 0)
1985
--
(1, 0, 0, 1, 0, 1, 0, 1, 0, 0, 1, 1, 0)
3613
--
(1, 0, 0, 1, 0, 1, 0, 1, 0, 1, 0, 0, 0)
3278
--
(1, 0, 0, 1, 0, 1, 0, 1, 1, 0, 0, 0, 0)
2920
--
(1, 0, 0, 1, 0, 1, 1, 0, 0, 0, 0, 0, 0)
2251
--
(1, 0, 0, 1, 1, 0, 0, 0, 0, 0, 0, 0, 0)
2027
--
(1, 0, 0, 1, 1, 0, 0, 0, 0, 0, 0, 0, 1)
2013
--
(1, 0, 0, 1, 1, 1, 1, 1, 1, 1, 0, 1, 1)
5290
--
(1, 0, 0, 1, 1, 1, 1, 1, 1, 1, 1, 0, 0)
4610
--
(1, 0, 1, 0, 0, 0, 0, 0, 0, 0, 0, 0, 0)
2003
--
(1, 0, 1, 0, 0, 0, 0, 0, 0, 0, 0, 0, 1)
2001
--
(1, 0, 1, 0, 0, 0, 0, 0, 1, 0, 0, 0, 1)
1989
--
(1, 0, 1, 0, 1, 0, 0, 0, 0, 0, 1, 0, 1)
1988
--
(1, 0, 1, 0, 1, 0, 1, 0, 1, 0, 0, 0, 0)
2012
--
(1, 0, 1, 1, 0, 0, 0, 0, 0, 0, 0, 0, 0)
2003
--
(1, 0, 1, 1, 0, 1, 0, 1, 0, 0, 1, 0, 1)
3581
--
(1, 0, 1, 1, 0, 1, 0, 1, 1, 0, 0, 0, 0)
3265
--
(1, 0, 1, 1, 0, 1, 1, 0, 0, 0, 0, 0, 0)
2571
--
(1, 0, 1, 1, 1, 0, 0, 0, 0, 0, 0, 0, 0)
1985
--
(1, 0, 1, 1, 1, 1, 1, 1, 1, 1, 0, 1, 0)
5301
--
(1, 0, 1, 1, 1, 1, 1, 1, 1, 1, 1, 0, 0)
4940
--
(1, 1, 0, 0, 0, 0, 0, 0, 0, 0, 0, 0, 0)
1994
--
(1, 1, 0, 0, 0, 0, 0, 0, 0, 0, 1, 0, 0)
1983
--
(1, 1, 0, 0, 1, 0, 1, 0, 0, 1, 1, 1, 1)
3953
--
(1, 1, 0, 0, 1, 0, 1, 0, 1, 0, 0, 0, 0)
2247
--
(1, 1, 0, 0, 1, 1, 0, 0, 0, 0, 0, 0, 0)
2229
--
(1, 1, 0, 1, 0, 0, 0, 0, 0, 0, 0, 0, 0)
2003
--
(0, 0, 0, 0, 1, 0, 1, 0, 1, 0, 1, 0, 1)
2004
--
(0, 0, 0, 0, 1, 0, 1, 1, 0, 0, 0, 0, 0)
2003
--
(0, 0, 0, 0, 1, 1, 0, 0, 0, 0, 0, 0, 1)
1996
--
(0, 0, 0, 0, 1, 1, 0, 0, 0, 0, 1, 0, 0)
1985
--
(0, 0, 0, 0, 1, 1, 1, 0, 0, 0, 0, 0, 0)
1982
--
(1, 1, 0, 1, 0, 1, 0, 1, 0, 0, 1, 0, 0)
3623
--
(1, 1, 0, 1, 0, 1, 0, 1, 1, 0, 0, 0, 0)
3616
--
(1, 1, 0, 1, 0, 1, 1, 0, 0, 0, 0, 0, 0)
2912
--
(1, 1, 0, 1, 1, 0, 0, 0, 0, 0, 0, 0, 0)
2258
--
(1, 1, 0, 1, 1, 1, 1, 1, 1, 1, 0, 0, 1)
5301
--
(1, 1, 0, 1, 1, 1, 1, 1, 1, 1, 1, 0, 0)
5300
--
(1, 1, 1, 0, 0, 0, 0, 0, 0, 0, 0, 0, 0)
2036
--
(1, 1, 1, 0, 0, 0, 0, 0, 0, 0, 0, 0, 1)
1995
--
(1, 1, 1, 0, 0, 0, 0, 0, 1, 0, 0, 0, 0)
1987
--
(1, 1, 1, 0, 1, 0, 1, 0, 0, 1, 1, 1, 0)
3938
--
(1, 1, 1, 0, 1, 0, 1, 0, 1, 0, 0, 0, 0)
2580
--
(1, 1, 1, 0, 1, 1, 0, 0, 0, 0, 0, 0, 0)
2572
--
(1, 1, 1, 1, 0, 0, 0, 0, 0, 0, 0, 0, 0)
2215
--
(1, 1, 1, 1, 0, 1, 0, 1, 0, 0, 0, 1, 1)
4631
--
(1, 1, 1, 1, 0, 1, 0, 1, 0, 0, 1, 0, 0)
3945
--
(1, 1, 1, 1, 0, 1, 1, 0, 0, 0, 0, 0, 0)
3245
--
(1, 1, 1, 1, 1, 0, 0, 0, 0, 0, 0, 0, 0)
2592
--
(0, 0, 0, 1, 0, 1, 0, 1, 0, 1, 0, 1, 0)
3634
--
(0, 0, 0, 1, 0, 1, 0, 1, 0, 1, 1, 0, 0)
3276
--
(0, 0, 0, 1, 0, 1, 0, 1, 1, 0, 0, 0, 0)
2595
--
(0, 0, 0, 1, 0, 1, 1, 0, 0, 0, 0, 0, 0)
2025
--
(0, 0, 0, 1, 1, 0, 0, 0, 0, 0, 0, 0, 0)
1994
--
(0, 0, 0, 1, 1, 0, 1, 0, 0, 0, 0, 0, 0)
1988
--
(0, 0, 0, 1, 1, 1, 1, 1, 1, 1, 1, 1, 1)
5292
--
(0, 0, 1, 0, 0, 0, 0, 0, 0, 0, 0, 0, 0)
2035
--
(0, 0, 1, 0, 0, 0, 0, 0, 0, 0, 0, 0, 1)
1970
--
(0, 0, 1, 0, 0, 1, 0, 0, 0, 0, 0, 0, 0)
1954
--
(0, 0, 1, 0, 1, 0, 1, 0, 1, 0, 1, 0, 0)
1972
--
(0, 0, 1, 1, 0, 1, 0, 1, 0, 1, 0, 0, 1)
3607
--
(0, 0, 1, 1, 0, 1, 0, 1, 1, 0, 0, 0, 0)
2931
--
(0, 0, 1, 1, 0, 1, 1, 0, 0, 0, 0, 0, 0)
2214
--
(0, 0, 1, 1, 1, 0, 0, 0, 0, 0, 0, 0, 0)
2018
--
(0, 0, 1, 1, 1, 0, 0, 0, 0, 0, 0, 0, 1)
2015
--
(0, 0, 1, 1, 1, 0, 0, 0, 0, 0, 1, 0, 0)
2003
--
(0, 0, 1, 1, 1, 1, 1, 1, 1, 1, 1, 1, 0)
5279
--
(0, 1, 0, 0, 0, 0, 0, 0, 0, 0, 0, 0, 0)
2007
--
(0, 1, 0, 0, 0, 0, 0, 0, 0, 0, 0, 0, 1)
2001
--
(0, 1, 0, 0, 0, 0, 0, 0, 1, 0, 1, 0, 0)
1987
--
(0, 1, 0, 0, 1, 0, 1, 0, 1, 0, 0, 1, 1)
2906
--
(0, 1, 0, 0, 1, 0, 1, 0, 1, 0, 1, 0, 0)
2236
--
(0, 1, 0, 0, 1, 1, 0, 0, 0, 0, 0, 0, 0)
2039
--
(0, 1, 0, 1, 0, 0, 0, 0, 0, 0, 0, 0, 0)
2018
--
(0, 1, 0, 1, 0, 0, 0, 0, 1, 0, 0, 0, 0)
2014
--
(0, 1, 0, 1, 0, 1, 0, 1, 0, 1, 0, 0, 0)
3632
--
(0, 1, 0, 1, 0, 1, 0, 1, 1, 0, 0, 0, 0)
3279
--
(0, 1, 0, 1, 0, 1, 1, 0, 0, 0, 0, 0, 0)
2595
--
(0, 1, 0, 1, 1, 0, 0, 0, 0, 0, 0, 0, 0)
2036
--
(0, 1, 0, 1, 1, 1, 1, 1, 1, 1, 1, 0, 1)
5293
--
(0, 1, 1, 0, 0, 0, 0, 0, 0, 0, 0, 0, 0)
2031
--
(0, 1, 1, 0, 0, 0, 0, 0, 0, 0, 0, 0, 1)
2026
--
(0, 1, 1, 0, 0, 0, 0, 0, 0, 0, 1, 0, 0)
1996
--
(0, 1, 1, 0, 0, 0, 0, 0, 1, 0, 0, 0, 0)
1969
