(0, 0, 0, 0, 0, 0, 0, 0, 0, 0, 0, 0, 0, 0)
1982
--
(0, 0, 0, 0, 0, 0, 0, 0, 0, 0, 0, 0, 0, 1)
1939
--
(0, 0, 0, 0, 0, 0, 0, 0, 0, 0, 0, 0, 1, 0)
1922
--
(0, 0, 0, 0, 0, 0, 0, 0, 0, 0, 0, 0, 1, 1)
1854
--
(0, 0, 0, 0, 0, 0, 0, 0, 0, 0, 0, 1, 0, 1)
1768
--
(0, 0, 0, 0, 0, 0, 0, 0, 0, 0, 0, 1, 1, 1)
1757
--
(0, 0, 0, 0, 0, 0, 0, 0, 0, 0, 1, 1, 1, 0)
1756
--
(0, 0, 0, 0, 0, 0, 0, 0, 0, 1, 0, 0, 1, 0)
1754
--
(0, 0, 0, 0, 0, 0, 0, 0, 0, 1, 0, 0, 1, 1)
1745
--
(0, 0, 0, 0, 0, 0, 1, 0, 0, 0, 0, 1, 1, 0)
1743
--
(0, 0, 0, 0, 0, 0, 1, 0, 0, 0, 1, 0, 1, 1)
1728
--
(0, 1, 1, 0, 1, 0, 1, 0, 1, 0, 0, 1, 0, 0)
2907
--
(0, 1, 1, 0, 1, 0, 1, 0, 1, 0, 1, 0, 0, 0)
2548
--
(0, 1, 1, 0, 1, 1, 0, 0, 0, 0, 0, 0, 0, 0)
2236
--
(0, 1, 1, 1, 0, 0, 0, 0, 0, 0, 0, 0, 0, 0)
1898
--
(0, 1, 1, 1, 0, 1, 0, 1, 0, 0, 1, 1, 1, 0)
4630
--
(0, 1, 1, 1, 0, 1, 0, 1, 0, 1, 0, 0, 0, 0)
3961
--
(0, 1, 1, 1, 0, 1, 0, 1, 1, 0, 0, 0, 0, 0)
3609
--
(0, 1, 1, 1, 0, 1, 1, 0, 0, 0, 0, 0, 0, 0)
2928
--
(0, 1, 1, 1, 1, 0, 0, 0, 0, 0, 0, 0, 0, 0)
2255
--
(0, 1, 1, 1, 1, 1, 1, 1, 1, 1, 1, 0, 0, 0)
5294
--
(1, 0, 0, 0, 0, 0, 0, 0, 0, 0, 0, 0, 0, 0)
1927
--
(1, 0, 0, 0, 0, 0, 0, 0, 0, 0, 0, 0, 0, 1)
1849
--
(1, 0, 0, 0, 0, 0, 0, 0, 0, 0, 0, 0, 1, 0)
1829
--
(1, 0, 0, 0, 0, 0, 0, 0, 0, 0, 0, 0, 1, 1)
1768
--
(1, 0, 0, 0, 0, 0, 0, 0, 0, 0, 0, 1, 0, 1)
1756
--
(1, 0, 0, 0, 0, 0, 0, 0, 0, 0, 1, 0, 1, 1)
1734
--
(1, 0, 0, 0, 1, 0, 0, 0, 0, 0, 1, 0, 0, 1)
1733
--
(1, 0, 0, 0, 1, 0, 1, 0, 1, 0, 0, 0, 1, 0)
1903
--
(1, 0, 0, 0, 1, 0, 1, 0, 1, 0, 1, 0, 0, 0)
1899
--
(1, 0, 0, 0, 1, 1, 0, 0, 0, 0, 0, 0, 0, 0)
1771
--
(1, 0, 0, 1, 0, 0, 0, 0, 0, 0, 0, 0, 0, 0)
1769
--
(1, 0, 0, 1, 0, 0, 0, 0, 1, 0, 0, 0, 0, 0)
1763
--
(1, 0, 0, 1, 0, 0, 1, 0, 0, 0, 0, 0, 0, 0)
1757
--
(1, 0, 0, 1, 0, 1, 0, 1, 0, 0, 1, 1, 0, 0)
3614
--
(1, 0, 0, 1, 0, 1, 0, 1, 0, 1, 0, 0, 0, 0)
3280
--
(1, 0, 0, 1, 0, 1, 0, 1, 1, 0, 0, 0, 0, 0)
2905
--
(1, 0, 0, 1, 0, 1, 1, 0, 0, 0, 0, 0, 0, 0)
2236
--
(1, 0, 0, 1, 1, 0, 0, 0, 0, 0, 0, 0, 0, 0)
1789
--
(1, 0, 0, 1, 1, 1, 1, 1, 1, 1, 0, 1, 1, 0)
5299
--
(1, 0, 0, 1, 1, 1, 1, 1, 1, 1, 1, 0, 0, 0)
4621
--
(1, 0, 1, 0, 0, 0, 0, 0, 0, 0, 0, 0, 0, 0)
1827
--
(1, 0, 1, 0, 0, 0, 0, 0, 0, 0, 0, 0, 0, 1)
1787
--
(1, 0, 1, 0, 0, 0, 0, 0, 0, 0, 0, 0, 1, 0)
1767
--
(1, 0, 1, 0, 0, 0, 0, 0, 0, 0, 1, 0, 0, 1)
1764
--
(1, 0, 1, 0, 0, 0, 0, 0, 0, 0, 1, 0, 1, 0)
1742
--
(1, 0, 1, 0, 1, 0, 1, 0, 1, 0, 0, 0, 0, 0)
1893
--
(1, 0, 1, 0, 1, 1, 0, 0, 0, 0, 0, 0, 0, 0)
1877
--
(1, 0, 1, 1, 0, 0, 0, 0, 0, 0, 0, 0, 0, 0)
1779
--
(1, 0, 1, 1, 0, 1, 0, 1, 0, 0, 1, 0, 1, 0)
3594
--
(1, 0, 1, 1, 0, 1, 0, 1, 1, 0, 0, 0, 0, 0)
3250
--
(1, 0, 1, 1, 0, 1, 1, 0, 0, 0, 0, 0, 0, 0)
2557
--
(1, 0, 1, 1, 1, 0, 0, 0, 0, 0, 0, 0, 0, 0)
1911
--
(1, 0, 1, 1, 1, 1, 1, 1, 1, 1, 0, 1, 0, 0)
5294
--
(1, 0, 1, 1, 1, 1, 1, 1, 1, 1, 1, 0, 0, 0)
4940
--
(1, 1, 0, 0, 0, 0, 0, 0, 0, 0, 0, 0, 0, 0)
1782
--
(1, 1, 0, 0, 1, 0, 1, 0, 0, 1, 1, 1, 1, 0)
3936
--
(1, 1, 0, 0, 1, 0, 1, 0, 1, 0, 0, 0, 0, 0)
2236
--
(1, 1, 0, 1, 0, 0, 0, 0, 0, 0, 0, 0, 0, 0)
1906
--
(0, 0, 0, 0, 1, 0, 1, 0, 1, 0, 1, 0, 1, 0)
1873
--
(0, 0, 0, 0, 1, 0, 1, 1, 0, 0, 0, 0, 0, 0)
1775
--
(0, 0, 0, 0, 1, 1, 0, 0, 1, 0, 0, 0, 0, 0)
1745
--
(0, 0, 0, 1, 0, 0, 0, 0, 1, 0, 0, 0, 0, 1)
1744
--
(1, 1, 0, 1, 0, 1, 0, 1, 0, 0, 1, 0, 0, 0)
3608
--
(1, 1, 0, 1, 0, 1, 1, 0, 0, 0, 0, 0, 0, 0)
2930
--
(1, 1, 0, 1, 1, 0, 0, 0, 0, 0, 0, 0, 0, 0)
2225
--
(1, 1, 0, 1, 1, 1, 1, 1, 1, 1, 0, 0, 1, 0)
5301
--
(1, 1, 0, 1, 1, 1, 1, 1, 1, 1, 1, 0, 0, 0)
5290
--
(1, 1, 1, 0, 0, 0, 0, 0, 0, 0, 0, 0, 0, 0)
1747
--
(1, 1, 1, 0, 1, 0, 1, 0, 0, 1, 1, 1, 0, 0)
3937
--
(1, 1, 1, 0, 1, 0, 1, 0, 1, 0, 0, 0, 0, 0)
2568
--
(1, 1, 1, 1, 0, 0, 0, 0, 0, 0, 0, 0, 0, 0)
2233
--
(1, 1, 1, 1, 0, 1, 0, 1, 0, 0, 0, 1, 1, 0)
4639
--
(1, 1, 1, 1, 0, 1, 0, 1, 0, 0, 1, 0, 0, 0)
3943
--
(1, 1, 1, 1, 0, 1, 0, 1, 1, 0, 0, 0, 0, 0)
3942
--
(1, 1, 1, 1, 0, 1, 1, 0, 0, 0, 0, 0, 0, 0)
3236
--
(1, 1, 1, 1, 1, 0, 0, 0, 0, 0, 0, 0, 0, 0)
2546
--
(0, 0, 0, 1, 0, 1, 0, 1, 0, 1, 0, 1, 0, 0)
3615
--
(0, 0, 0, 1, 0, 1, 0, 1, 0, 1, 1, 0, 0, 0)
3268
--
(0, 0, 0, 1, 0, 1, 0, 1, 1, 0, 0, 0, 0, 0)
2567
--
(0, 0, 0, 1, 0, 1, 1, 0, 0, 0, 0, 0, 0, 0)
1924
--
(0, 0, 0, 1, 1, 0, 0, 0, 0, 0, 0, 0, 0, 0)
1783
--
(0, 0, 0, 1, 1, 0, 0, 0, 0, 0, 0, 0, 0, 1)
1765
--
(0, 0, 0, 1, 1, 0, 0, 0, 0, 0, 0, 0, 1, 0)
1755
--
(0, 0, 0, 1, 1, 1, 1, 1, 1, 1, 1, 1, 1, 0)
5294
--
(0, 0, 1, 0, 0, 0, 0, 0, 0, 0, 0, 0, 0, 0)
1909
--
(0, 0, 1, 0, 0, 0, 0, 0, 0, 0, 0, 0, 0, 1)
1868
--
(0, 0, 1, 0, 0, 0, 0, 0, 0, 0, 0, 0, 1, 1)
1811
--
(0, 0, 1, 0, 0, 0, 0, 0, 0, 0, 0, 1, 0, 0)
1777
--
(0, 0, 1, 0, 0, 0, 0, 0, 0, 0, 0, 1, 1, 0)
1775
--
(0, 0, 1, 0, 0, 0, 0, 0, 0, 0, 1, 0, 0, 1)
1771
--
(0, 0, 1, 0, 0, 0, 0, 0, 0, 0, 1, 0, 1, 0)
1767
--
(0, 0, 1, 0, 0, 0, 0, 0, 0, 0, 1, 1, 0, 0)
1766
--
(0, 0, 1, 0, 0, 0, 0, 0, 0, 1, 0, 0, 0, 1)
1743
--
(0, 0, 1, 0, 0, 0, 0, 0, 1, 0, 0, 0, 1, 1)
1705
--
(0, 0, 1, 0, 1, 0, 1, 0, 1, 0, 1, 0, 0, 0)
1874
--
(0, 0, 1, 0, 1, 1, 0, 0, 0, 0, 0, 0, 0, 0)
1754
--
(0, 0, 1, 1, 0, 1, 0, 1, 0, 1, 0, 0, 1, 0)
3599
--
(0, 0, 1, 1, 0, 1, 0, 1, 1, 0, 0, 0, 0, 0)
2919
--
(0, 0, 1, 1, 0, 1, 1, 0, 0, 0, 0, 0, 0, 0)
2252
--
(0, 0, 1, 1, 1, 0, 0, 0, 0, 0, 0, 0, 0, 0)
1776
--
(0, 0, 1, 1, 1, 1, 1, 1, 1, 1, 1, 1, 0, 0)
5294
--
(0, 1, 0, 0, 0, 0, 0, 0, 0, 0, 0, 0, 0, 0)
1864
--
(0, 1, 0, 0, 0, 0, 0, 0, 0, 0, 0, 0, 0, 1)
1800
--
(0, 1, 0, 0, 0, 0, 0, 0, 0, 0, 0, 0, 1, 0)
1789
--
(0, 1, 0, 0, 0, 0, 0, 0, 0, 0, 0, 0, 1, 1)
1781
--
(0, 1, 0, 0, 0, 0, 0, 0, 0, 0, 1, 0, 0, 1)
1767
--
(0, 1, 0, 0, 0, 0, 0, 0, 1, 0, 0, 0, 1, 0)
1761
--
(0, 1, 0, 0, 0, 0, 0, 0, 1, 0, 1, 0, 0, 0)
1758
--
(0, 1, 0, 0, 1, 0, 1, 0, 1, 0, 0, 1, 1, 0)
2915
--
(0, 1, 0, 0, 1, 0, 1, 0, 1, 0, 1, 0, 0, 0)
2217
--
(0, 1, 0, 0, 1, 1, 0, 0, 0, 0, 0, 0, 0, 0)
1899
--
(0, 1, 0, 1, 0, 0, 0, 0, 0, 0, 0, 0, 0, 0)
1815
--
(0, 1, 0, 1, 0, 1, 0, 1, 0, 1, 0, 0, 0, 0)
3618
--
(0, 1, 0, 1, 0, 1, 0, 1, 1, 0, 0, 0, 0, 0)
3289
--
(0, 1, 0, 1, 0, 1, 1, 0, 0, 0, 0, 0, 0, 0)
2584
--
(0, 1, 0, 1, 1, 0, 0, 0, 0, 0, 0, 0, 0, 0)
1917
--
(0, 1, 0, 1, 1, 1, 1, 1, 1, 1, 1, 0, 1, 0)
5289
--
(0, 1, 1, 0, 0, 0, 0, 0, 0, 0, 0, 0, 0, 0)
1778
--
(0, 1, 1, 0, 0, 0, 0, 0, 0, 0, 0, 0, 1, 0)
1776
--
(0, 1, 1, 0, 0, 0, 0, 0, 0, 0, 1, 0, 0, 0)
1775
--
(0, 1, 1, 0, 0, 0, 0, 0, 1, 0, 0, 0, 0, 0)
1773
